      0/49     1.94G      6.05       168       2.3   9.7e+04   9.7e+04       209        64     0.182   0.00712   0.00806    0.0137      6.22       160      2.82     2e+04
      1/49     1.95G      6.07       160      2.14     2e+04     2e+04       289        64     0.173   0.00712   0.00689    0.0136      6.26       154      2.79     2e+04
      2/49     1.95G      6.16       153      2.28     2e+04     2e+04       229        64     0.176   0.00712   0.00742    0.0136      6.25       147      2.79     2e+04
      3/49     1.95G      6.07       146      2.24     2e+04     2e+04       268        64     0.194   0.00712   0.00739    0.0137      6.24       138      2.82     2e+04
      4/49     1.95G      6.06       138      2.27     2e+04     2e+04       197        64     0.183   0.00712   0.00726    0.0137      6.25       132      2.87     2e+04
      5/49     1.95G      6.14       131       2.3     2e+04     2e+04       238        64     0.176   0.00712   0.00757    0.0136      6.24       124      2.82     2e+04
      6/49     1.95G      6.11       124      2.21     2e+04     2e+04       268        64     0.176   0.00712   0.00685    0.0136      6.25       117      2.87     2e+04
      7/49     1.95G      6.14       117      2.25     2e+04     2e+04       226        64     0.174   0.00712   0.00693    0.0136      6.27       110      2.85     2e+04
      8/49     1.95G      6.02       110      2.16     2e+04     2e+04       327        64     0.168   0.00712   0.00736    0.0136      6.25       103      2.83     2e+04
      9/49     1.95G      6.13       102      2.26     2e+04     2e+04       193        64     0.172   0.00712   0.00752    0.0136      6.26      96.2      2.89     2e+04
     10/49     1.95G       6.1      94.9      2.23     2e+04     2e+04       275        64     0.187   0.00712    0.0074    0.0137      6.25        89      2.82     2e+04
     11/49     1.95G      5.98      87.7      2.24     2e+04     2e+04       223        64     0.168   0.00712   0.00758    0.0136      6.24      81.5      2.81     2e+04
     12/49     1.95G      6.14      80.4      2.27     2e+04     2e+04       235        64     0.176   0.00712   0.00724    0.0136      6.24      74.4      2.82     2e+04
     13/49     1.95G         6      73.1      2.22     2e+04     2e+04       275        64     0.172   0.00712   0.00748    0.0136      6.25      67.3      2.82     2e+04
     14/49     1.95G      6.11      65.9      2.24     2e+04     2e+04       242        64     0.181   0.00712   0.00747    0.0136      6.25        60      2.85     2e+04
     15/49     1.95G      5.93      58.6      2.22     2e+04     2e+04       222        64     0.173   0.00712   0.00769    0.0136      6.23      52.5      2.83     2e+04
     16/49     1.95G      6.07      51.4      2.22     2e+04     2e+04       224        64     0.181   0.00712   0.00699    0.0136      6.24      45.5       2.8     2e+04
     17/49     1.95G      6.09      44.1      2.19     2e+04     2e+04       207        64     0.176   0.00712   0.00795    0.0136      6.24      38.3      2.81     2e+04
     18/49     1.95G      6.05      36.8      2.15     2e+04     2e+04       265        64     0.168   0.00712   0.00769    0.0136      6.24      31.1      2.86     2e+04
     19/49     1.95G      6.13      29.6      2.23     2e+04     2e+04       273        64     0.176   0.00712   0.00758    0.0136      6.25        24      2.85     2e+04
     20/49     1.95G      5.96      25.8      2.27     2e+04     2e+04       225        64     0.173   0.00712   0.00716    0.0136      6.25      23.9      2.83     2e+04
     21/49     1.95G      6.11      25.8      2.34     2e+04     2e+04       251        64     0.179   0.00712   0.00738    0.0137      6.23        24      2.81     2e+04
     22/49     1.95G      6.05      25.9      2.15     2e+04     2e+04       216        64     0.174   0.00712   0.00775    0.0136      6.25      23.9      2.81     2e+04
     23/49     1.95G      5.97      25.7      2.16     2e+04     2e+04       202        64     0.179   0.00712   0.00768    0.0136      6.25      23.7      2.83     2e+04
     24/49     1.95G      6.11      25.8      2.34     2e+04     2e+04       250        64     0.175   0.00712   0.00756    0.0136      6.25      23.7      2.85     2e+04
     25/49     1.95G      5.92      25.7      2.13     2e+04     2e+04       181        64     0.171   0.00725    0.0077    0.0139      6.25      23.8      2.86     2e+04
     26/49     1.95G      6.15      25.8      2.17     2e+04     2e+04       271        64     0.188   0.00712   0.00772    0.0137      6.24      23.9      2.83     2e+04
     27/49     1.95G      6.11      25.8      2.22     2e+04     2e+04       229        64     0.179   0.00712    0.0078    0.0136      6.24      23.9      2.81     2e+04
     28/49     1.95G       6.1      25.9      2.33     2e+04     2e+04       252        64      0.17   0.00712   0.00713    0.0136      6.26      23.9      2.81     2e+04
     29/49     1.95G      6.12      25.7      2.26     2e+04     2e+04       320        64     0.175   0.00712   0.00768    0.0136      6.24      23.8      2.78     2e+04
     30/49     1.95G      6.03      25.8      2.18     2e+04     2e+04       221        64     0.182   0.00712   0.00728    0.0137      6.26      23.8      2.81     2e+04
     31/49     1.95G      6.01      25.9       2.2     2e+04     2e+04       230        64     0.175   0.00712   0.00719    0.0136      6.25      23.7      2.82     2e+04
     32/49     1.95G      6.06      25.7       2.2     2e+04     2e+04       261        64      0.18   0.00712   0.00761    0.0136      6.24      23.8      2.82     2e+04
     33/49     1.95G      6.06      25.8      2.15     2e+04     2e+04       242        64     0.158   0.00712   0.00726    0.0136      6.25      23.8      2.85     2e+04
     34/49     1.95G      6.05      25.8      2.24     2e+04     2e+04       262        64     0.187   0.00712   0.00755    0.0137      6.25      23.9      2.82     2e+04
     35/49     1.95G      6.09      25.8      2.23     2e+04     2e+04       238        64     0.179   0.00712   0.00743    0.0136      6.24      23.9      2.82     2e+04
     36/49     1.95G         6      25.9      2.24     2e+04     2e+04       242        64      0.18   0.00712   0.00781    0.0136      6.24      23.8      2.83     2e+04
     37/49     1.95G      6.08      25.8      2.21     2e+04     2e+04       249        64     0.187   0.00712   0.00738    0.0137      6.22        24      2.82     2e+04
     38/49     1.95G      6.13      25.8      2.28     2e+04     2e+04       181        64     0.182   0.00712   0.00753    0.0137      6.24      23.7      2.82     2e+04
     39/49     1.95G       6.1      25.7      2.24     2e+04     2e+04       230        64     0.179   0.00712   0.00806    0.0136      6.25      23.8      2.81     2e+04
     40/49     1.95G      6.01      25.6      2.15     2e+04     2e+04       359        64     0.168   0.00712   0.00712    0.0136      6.25      23.9      2.83     2e+04
     41/49     1.95G      6.11      25.7       2.2     2e+04     2e+04       237        64     0.174   0.00712   0.00725    0.0136      6.24      23.8      2.86     2e+04
     42/49     1.95G      6.08      25.8      2.31     2e+04     2e+04       188        64      0.17   0.00712   0.00735    0.0136      6.24      23.9      2.82     2e+04
     43/49     1.95G      6.19      25.8      2.33     2e+04     2e+04       288        64     0.173   0.00712   0.00726    0.0136      6.27      23.6      2.81     2e+04
     44/49     1.95G      6.11      25.9      2.28     2e+04     2e+04       224        64     0.179   0.00712   0.00729    0.0136      6.25      23.9      2.82     2e+04
     45/49     1.95G      6.11      25.8      2.18     2e+04     2e+04       214        64     0.172   0.00713   0.00763    0.0136      6.24      23.9      2.84     2e+04
     46/49     1.95G      6.16      25.8      2.33     2e+04     2e+04       281        64     0.176   0.00712   0.00751    0.0136      6.24      23.8      2.79     2e+04
     47/49     1.95G      6.19      25.6      2.31     2e+04     2e+04       268        64     0.174   0.00712   0.00787    0.0136      6.25      23.8      2.82     2e+04
     48/49     1.95G       6.2      25.9       2.3     2e+04     2e+04       222        64      0.17   0.00712   0.00744    0.0136      6.23      23.8      2.87     2e+04
     49/49     1.95G      6.13      25.8       2.2     2e+04     2e+04       248        64     0.176   0.00712   0.00744    0.0136      6.24      23.7      2.83     2e+04
